Creating random 7x7 matrix, A...
A:
        21         21         21          4        -29         -8        -27 
        21        -19         19          2         14         -1         15 
        21         19        -24        -11         -4        -20         18 
         4          2        -11        -23        -15        -30         -6 
       -29         14         -4        -15          7          7        -18 
        -8         -1        -20        -30          7         28         27 
       -27         15         18         -6        -18         27        -24 
Calculating eigenvalues...
Calculation done! Number of sweeps: 4
Eigenvectors
     0.404     -0.122     0.0195      0.435     -0.181     -0.513      -0.58 
    -0.274      0.477      0.538     -0.284     -0.502     -0.253     -0.105 
    -0.386     -0.528     -0.408      -0.46     -0.306     -0.231     -0.218 
   -0.0842     -0.553      0.701    -0.0769      0.251      0.238     -0.266 
     0.319     -0.305      0.074       0.17     -0.731      0.366       0.32 
    -0.263     -0.274      0.191       0.32     0.0708     -0.581      0.612 
      0.66    -0.0687      0.103     -0.618      0.136     -0.304      0.239 
Diagonal composition, D:
       -76          0          0          0          0          0          0 
         0      -58.2          0          0          0          0          0 
         0          0      -25.6          0          0          0          0 
         0          0          0       5.55          0          0          0 
         0          0          0          0       15.6          0          0 
         0          0          0          0          0       34.6          0 
         0          0          0          0          0          0       70.1 
Test that V^T * A * V = D
       -76   8.89e-07   1.78e-06   5.15e-07   8.42e-10   2.48e-11  -4.12e-13 
  8.89e-07      -58.2   -1.1e-06  -2.81e-07  -4.55e-10  -1.35e-11   2.32e-13 
  1.78e-06   -1.1e-06      -25.6  -4.42e-07  -6.38e-10  -4.89e-12   7.29e-14 
  5.15e-07  -2.81e-07  -4.42e-07       5.55   5.49e-11   1.18e-14   1.44e-14 
  8.42e-10  -4.55e-10  -6.38e-10   5.49e-11       15.6  -2.78e-15  -1.78e-08 
  2.48e-11  -1.35e-11  -4.89e-12   1.07e-14  -3.55e-15       34.6  -4.57e-10 
 -4.16e-13   2.34e-13   6.93e-14   5.33e-15  -1.78e-08  -4.57e-10       70.1 
Test that V * D * V^T = A
        21         21         21          4        -29         -8        -27 
        21        -19         19          2         14         -1         15 
        21         19        -24        -11         -4        -20         18 
         4          2        -11        -23        -15        -30         -6 
       -29         14         -4        -15          7          7        -18 
        -8         -1        -20        -30          7         28         27 
       -27         15         18         -6        -18         27        -24 
Test first eigenvalue and vector:
A * V[0] :      -30.7       20.8       29.3        6.4      -24.2         20      -50.1 
D[0,0] * V[0] :      -30.7       20.8       29.3        6.4      -24.2         20      -50.1 
--- Calculate numerically QM particle in a box
Calculation done: Checking that energies are correct
E_n 	 Calculation 	 Exact
E_0 	  9.89015 	 9.86960
E_1 	  39.34139 	 39.47842
E_2 	  88.49029 	 88.82644
E_3 	  155.75401 	 157.91367
E_4 	  242.10108 	 246.74011
E_5 	  345.74971 	 355.30576
E_6 	  465.97634 	 483.61062
E_7 	  601.70727 	 631.65468
E_8 	  751.71332 	 799.43796
E_9 	  914.63605 	 986.96044
