Creating random 7x7 matrix, A...
A:
     -5.25         21      -0.88      -61.9        100         -4      -2.78      -9.37       3.19      -94.7       61.3      -1.09 
        21      0.408        112       57.4        116        123      -58.5      -49.9        109       84.9      -79.2        122 
     -0.88        112       -127        116       -6.6      -99.2        109      -36.8       -102        114      -62.5      -13.3 
     -61.9       57.4        116      -3.76        110      -14.2       58.3      -8.57       71.3       23.6       15.2      -70.1 
       100        116       -6.6        110       73.6        4.5       -107      -29.8       50.1      -17.5      -54.7       30.6 
        -4        123      -99.2      -14.2        4.5       -103       24.8      -10.8       -119       44.9        101     -0.858 
     -2.78      -58.5        109       58.3       -107       24.8       64.8      -85.9         47       -125      -67.4       -112 
     -9.37      -49.9      -36.8      -8.57      -29.8      -10.8      -85.9       -109      -15.3      -81.6       78.7      -94.6 
      3.19        109       -102       71.3       50.1       -119         47      -15.3        124       -116      -58.8       92.8 
     -94.7       84.9        114       23.6      -17.5       44.9       -125      -81.6       -116       -111       18.1         87 
      61.3      -79.2      -62.5       15.2      -54.7        101      -67.4       78.7      -58.8       18.1      -72.9      -41.8 
     -1.09        122      -13.3      -70.1       30.6     -0.858       -112      -94.6       92.8         87      -41.8       13.3 
Calculating eigenvalues...
Calculation done! Number of sweeps: 5
Eigenvectors
   -0.0296       0.29     -0.261     -0.125     0.0139      0.477      0.188     -0.589     -0.357        0.3     0.0106     0.0533 
    -0.382     -0.305    -0.0153    -0.0953      0.531     0.0747     -0.336     -0.173    -0.0308     -0.195    -0.0949      0.522 
     0.599     -0.148      0.251      0.114      0.203      0.387      0.257    -0.0409    -0.0835     -0.515     0.0708     0.0863 
   -0.0927     0.0811     -0.514      0.155     -0.299      0.191     -0.196      0.421     -0.394     -0.324      0.247      0.184 
   0.00343     0.0182      0.413      0.127     -0.191     -0.408      0.234   -0.00819     -0.572       0.13    -0.0276      0.459 
     0.505      0.242      -0.12     0.0543   -0.00258     -0.299      -0.64     -0.276      -0.13    -0.0714     -0.266    -0.0231 
    -0.302      0.182      0.314      0.252     -0.115    -0.0778     -0.196     -0.413     0.0367     -0.325      0.579     -0.209 
   -0.0785      0.387      0.153        0.5      0.557      0.136    -0.0728      0.332     -0.183      0.232    -0.0488     -0.191 
     0.275      0.187        0.2     -0.268    -0.0063      0.178     -0.264      0.203      0.239      0.388      0.518      0.399 
    -0.218      0.622      0.275     -0.338     -0.143      0.154     0.0205      0.136      0.131     -0.364     -0.379      0.136 
   -0.0987     -0.359      0.421     0.0105     -0.339      0.465     -0.409     0.0731     -0.219       0.17     -0.233      -0.22 
  -0.00836     0.0325    -0.0659      0.648     -0.302      0.166     0.0365      -0.15      0.456     0.0918     -0.223      0.407 
Diagonal composition, D:
      -429          0          0          0          0          0          0          0          0          0          0          0 
         0       -333          0          0          0          0          0          0          0          0          0          0 
         0          0       -278          0          0          0          0          0          0          0          0          0 
         0          0          0       -218          0          0          0          0          0          0          0          0 
         0          0          0          0       -113          0          0          0          0          0          0          0 
         0          0          0          0          0      -82.7          0          0          0          0          0          0 
         0          0          0          0          0          0       16.9          0          0          0          0          0 
         0          0          0          0          0          0          0       60.8          0          0          0          0 
         0          0          0          0          0          0          0          0        154          0          0          0 
         0          0          0          0          0          0          0          0          0        243          0          0 
         0          0          0          0          0          0          0          0          0          0        308          0 
         0          0          0          0          0          0          0          0          0          0          0        413 
Test that V^T * A * V = D
      -429   7.82e-05  -2.67e-05   4.16e-06  -1.76e-06  -6.79e-09  -8.34e-09   -7.5e-10  -4.69e-11   5.62e-12  -1.12e-12  -4.85e-12 
  7.82e-05       -333   0.000124  -1.68e-05   5.13e-06   3.44e-09   1.18e-08   5.58e-10   3.75e-11  -4.36e-12   4.38e-13    3.3e-12 
 -2.67e-05   0.000124       -278   8.04e-06  -1.15e-06    1.9e-09  -4.63e-09     -8e-11   4.83e-13   1.16e-13   1.96e-13   7.28e-14 
  4.16e-06  -1.68e-05   8.04e-06       -218   1.35e-05   3.69e-09   8.73e-09   2.59e-12  -1.99e-13  -1.31e-13  -2.74e-13  -3.55e-14 
 -1.76e-06   5.13e-06  -1.15e-06   1.35e-05       -113   2.84e-08  -9.27e-10   1.43e-12  -2.13e-14   8.53e-14  -5.24e-14   5.88e-07 
 -6.79e-09   3.44e-09    1.9e-09   3.69e-09   2.84e-08      -82.7   1.62e-09  -8.74e-12  -3.91e-14   -1.2e-07  -4.32e-08  -1.56e-08 
 -8.34e-09   1.18e-08  -4.63e-09   8.73e-09  -9.27e-10   1.62e-09       16.9   3.75e-11   3.79e-14  -8.61e-15  -2.24e-07   6.74e-09 
  -7.5e-10   5.58e-10     -8e-11    2.6e-12   1.44e-12  -8.74e-12   3.75e-11       60.8  -3.29e-14   1.36e-07   3.33e-09   8.98e-10 
 -4.69e-11   3.75e-11   5.04e-13  -1.99e-13  -2.84e-14  -2.84e-14   4.84e-14  -3.02e-14        154   2.76e-09   1.87e-10   4.95e-11 
  5.66e-12  -4.34e-12   1.23e-13  -1.35e-13   1.09e-13   -1.2e-07   5.55e-15   1.36e-07   2.76e-09        243  -3.78e-11  -6.07e-12 
  -1.1e-12   4.01e-13   1.71e-13   -2.7e-13  -3.91e-14  -4.32e-08  -2.24e-07   3.33e-09   1.87e-10  -3.78e-11        308   -1.3e-12 
 -4.87e-12   3.32e-12   5.33e-14  -1.42e-14   5.88e-07  -1.56e-08   6.74e-09   8.98e-10   4.95e-11   -6.1e-12  -1.33e-12        413 
Test that V * D * V^T = A
     -5.25         21      -0.88      -61.9        100         -4      -2.78      -9.37       3.19      -94.7       61.3      -1.09 
        21      0.408        112       57.4        116        123      -58.5      -49.9        109       84.9      -79.2        122 
     -0.88        112       -127        116       -6.6      -99.2        109      -36.8       -102        114      -62.5      -13.3 
     -61.9       57.4        116      -3.76        110      -14.2       58.3      -8.57       71.3       23.6       15.2      -70.1 
       100        116       -6.6        110       73.6        4.5       -107      -29.8       50.1      -17.5      -54.7       30.6 
        -4        123      -99.2      -14.2        4.5       -103       24.8      -10.8       -119       44.9        101     -0.858 
     -2.78      -58.5        109       58.3       -107       24.8       64.8      -85.9         47       -125      -67.4       -112 
     -9.37      -49.9      -36.8      -8.57      -29.8      -10.8      -85.9       -109      -15.3      -81.6       78.7      -94.6 
      3.19        109       -102       71.3       50.1       -119         47      -15.3        124       -116      -58.8       92.8 
     -94.7       84.9        114       23.6      -17.5       44.9       -125      -81.6       -116       -111       18.1         87 
      61.3      -79.2      -62.5       15.2      -54.7        101      -67.4       78.7      -58.8       18.1      -72.9      -41.8 
     -1.09        122      -13.3      -70.1       30.6     -0.858       -112      -94.6       92.8         87      -41.8       13.3 
Test first eigenvalue and vector:
A * V[0] :       12.7        164       -257       39.7      -1.47       -216        130       33.6       -118       93.2       42.3       3.58 
D[0,0] * V[0] :       12.7        164       -257       39.7      -1.47       -216        130       33.6       -118       93.2       42.3       3.58 
--- Calculate numerically QM particle in a box ---
H, before scaling
        -2          1          0          0          0          0          0          0          0          0          0          0          0          0          0          0          0          0          0          0          0          0          0 
         1         -2          1          0          0          0          0          0          0          0          0          0          0          0          0          0          0          0          0          0          0          0          0 
         0          1         -2          1          0          0          0          0          0          0          0          0          0          0          0          0          0          0          0          0          0          0          0 
         0          0          1         -2          1          0          0          0          0          0          0          0          0          0          0          0          0          0          0          0          0          0          0 
         0          0          0          1         -2          1          0          0          0          0          0          0          0          0          0          0          0          0          0          0          0          0          0 
         0          0          0          0          1         -2          1          0          0          0          0          0          0          0          0          0          0          0          0          0          0          0          0 
         0          0          0          0          0          1         -2          1          0          0          0          0          0          0          0          0          0          0          0          0          0          0          0 
         0          0          0          0          0          0          1         -2          1          0          0          0          0          0          0          0          0          0          0          0          0          0          0 
         0          0          0          0          0          0          0          1         -2          1          0          0          0          0          0          0          0          0          0          0          0          0          0 
         0          0          0          0          0          0          0          0          1         -2          1          0          0          0          0          0          0          0          0          0          0          0          0 
         0          0          0          0          0          0          0          0          0          1         -2          1          0          0          0          0          0          0          0          0          0          0          0 
         0          0          0          0          0          0          0          0          0          0          1         -2          1          0          0          0          0          0          0          0          0          0          0 
         0          0          0          0          0          0          0          0          0          0          0          1         -2          1          0          0          0          0          0          0          0          0          0 
         0          0          0          0          0          0          0          0          0          0          0          0          1         -2          1          0          0          0          0          0          0          0          0 
         0          0          0          0          0          0          0          0          0          0          0          0          0          1         -2          1          0          0          0          0          0          0          0 
         0          0          0          0          0          0          0          0          0          0          0          0          0          0          1         -2          1          0          0          0          0          0          0 
         0          0          0          0          0          0          0          0          0          0          0          0          0          0          0          1         -2          1          0          0          0          0          0 
         0          0          0          0          0          0          0          0          0          0          0          0          0          0          0          0          1         -2          1          0          0          0          0 
         0          0          0          0          0          0          0          0          0          0          0          0          0          0          0          0          0          1         -2          1          0          0          0 
         0          0          0          0          0          0          0          0          0          0          0          0          0          0          0          0          0          0          1         -2          1          0          0 
         0          0          0          0          0          0          0          0          0          0          0          0          0          0          0          0          0          0          0          1         -2          1          0 
         0          0          0          0          0          0          0          0          0          0          0          0          0          0          0          0          0          0          0          0          1         -2          1 
         0          0          0          0          0          0          0          0          0          0          0          0          0          0          0          0          0          0          0          0          0          1         -2 
Calculation done: Checking that energies are correct
E_n 	 Calculation 	 Exact
E_0 	  9.85573 	 9.86960
E_1 	  39.25330 	 39.47842
E_2 	  87.69071 	 88.82644
E_3 	  154.33874 	 157.91367
E_4 	  238.05695 	 246.74011
E_5 	  337.41299 	 355.30576
E_6 	  450.70683 	 483.61062
a: 4.8980806146991
