Creating random 7x7 matrix, A...
A:
       -26         16        -16         27         23         26         11 
        16         22         31         27        -32         31         21 
       -16         31         13         -1         19         22        -16 
        27         27         -1         16        -24          9         -8 
        23        -32         19        -24         22        -18         17 
        26         31         22          9        -18        -13         19 
        11         21        -16         -8         17         19         17 
Calculating eigenvalues...
Calculation done! Number of sweeps: 4
Eigenvectors
     0.613      0.355     -0.355      0.439      -0.28     -0.262      0.178 
    -0.223      0.594      0.327     -0.172      0.127     -0.139      0.653 
     0.398     -0.314     0.0819     0.0687      0.804     -0.214      0.197 
    -0.158     -0.422      0.319      0.641     -0.219      0.226       0.43 
    -0.427      0.142      0.133      0.453      0.139     -0.638     -0.386 
    -0.416     -0.261     -0.741    -0.0793     0.0312     -0.221      0.392 
     0.189     -0.395      0.302     -0.388     -0.437     -0.599      0.128 
Diagonal composition, D:
     -79.5          0          0          0          0          0          0 
         0      -39.3          0          0          0          0          0 
         0          0      -25.1          0          0          0          0 
         0          0          0       13.9          0          0          0 
         0          0          0          0       36.6          0          0 
         0          0          0          0          0       49.1          0 
         0          0          0          0          0          0       95.2 
Test that V^T * A * V = D
     -79.5   6.88e-06   -2.3e-08   5.43e-10  -1.98e-11  -1.09e-11   6.52e-12 
  6.88e-06      -39.3  -2.45e-09   4.22e-11   2.22e-14          0   4.88e-15 
  -2.3e-08  -2.45e-09      -25.1  -9.11e-12   2.66e-15   8.71e-08  -3.44e-15 
  5.43e-10   4.22e-11  -9.11e-12       13.9     -4e-15  -4.91e-08   8.97e-09 
 -1.98e-11   2.49e-14  -8.88e-16  -7.11e-15       36.6   2.18e-08   6.82e-10 
 -1.09e-11   1.78e-15   8.71e-08  -4.91e-08   2.18e-08       49.1  -2.24e-10 
  6.52e-12   8.88e-15  -4.44e-16   8.97e-09   6.82e-10  -2.24e-10       95.2 
Test that V * D * V^T = A
       -26         16        -16         27         23         26         11 
        16         22         31         27        -32         31         21 
       -16         31         13         -1         19         22        -16 
        27         27         -1         16        -24          9         -8 
        23        -32         19        -24         22        -18         17 
        26         31         22          9        -18        -13         19 
        11         21        -16         -8         17         19         17 
Test first eigenvalue and vector:
A * V[0] :      -48.7       17.7      -31.7       12.6       33.9         33        -15 
D[0,0] * V[0] :      -48.7       17.7      -31.7       12.6       33.9         33        -15 
--- Calculate numerically QM particle in a box
Calculation done: Checking that energies are correct
E_n 	 Calculation 	 Exact
E_0 	  9.89015 	 9.86960
E_1 	  39.34139 	 39.47842
E_2 	  88.49029 	 88.82644
E_3 	  155.75401 	 157.91367
E_4 	  242.10108 	 246.74011
E_5 	  345.74971 	 355.30576
E_6 	  465.97634 	 483.61062
E_7 	  601.70727 	 631.65468
E_8 	  751.71332 	 799.43796
E_9 	  914.63605 	 986.96044
