Exam problem 21: 
Two-sided Jacobi algorithm for Singular Value Decomposition (SVD) 

Generating Random 7x7 matrix
Matrix A generated:
     -74.5      -32.9      -35.6       92.6      -61.8       -111       85.4 
      98.8       -116      -76.6       49.8      -11.9        110      -20.2 
      56.3       -112       34.7       -127      -92.8      -79.5       -108 
      96.2         73        115       -119      -13.3      -58.7      -43.9 
     -36.4       1.48       -101       -123       91.5        120       79.1 
       -58       41.6       -122      -89.3      -98.7       12.2      -36.4 
     -43.7      -30.8      -63.9      -13.4       24.7      -63.4       11.9 
Making composition...
Procedure done!
No. of sweeps: 4.
Now A --> U*D*V^T, where
D: 
       312   1.17e-13   1.61e-16  -1.13e-20  -7.75e-22  -4.67e-26  -3.94e-15 
 -1.26e-13        270  -1.61e-17    1.1e-21  -2.55e-26   1.75e-32   3.36e-30 
  2.79e-15  -3.82e-16        231  -8.31e-23   9.34e-30   4.42e-37   2.82e-32 
 -5.72e-20    7.9e-21  -4.49e-22        225  -9.55e-30  -2.58e-46  -7.97e-37 
  3.88e-22   -8.9e-26  -6.23e-31  -3.04e-30        128  -2.69e-57    4.4e-41 
  6.83e-25  -9.95e-31    1.2e-36  -1.29e-46   1.23e-57         68          0 
  6.23e-15  -1.63e-30  -1.17e-31   2.75e-36  -2.01e-41          0       50.2 
U: 
      0.17      -0.59     -0.391      -0.13      0.224      0.619       0.14 
     0.197      0.285     -0.202      0.785     -0.102      0.358     -0.291 
    -0.619      0.206     -0.533      0.175       0.37      -0.14      0.322 
    -0.604      0.164      0.329     -0.215    0.00445      0.567     -0.363 
     0.417      0.642     0.0499     -0.299       0.46      0.251      0.216 
    0.0324       0.29     -0.578     -0.414     -0.627     0.0663     -0.106 
    0.0944    -0.0653     -0.277     -0.171      0.444     -0.285     -0.776 
V: 
    -0.345       0.23      0.237      0.527    -0.0412      0.519     -0.473 
   -0.0131    -0.0357      0.453     -0.596     -0.593      0.106     -0.276 
    -0.526     -0.262      0.573     0.0779       0.12    -0.0637      0.549 
     0.386     -0.703      0.136      0.472     -0.299     -0.107     -0.121 
     0.288      0.149      0.547    -0.0241      0.532     -0.406     -0.383 
     0.423      0.576      0.264      0.309     -0.363    -0.0382      0.437 
     0.438      -0.17      0.153     -0.208      0.358      0.733      0.216 
Test that UDV^T = A
     -74.5      -32.9      -35.6       92.6      -61.8       -111       85.4 
      98.8       -116      -76.6       49.8      -11.9        110      -20.2 
      56.3       -112       34.7       -127      -92.8      -79.5       -108 
      96.2         73        115       -119      -13.3      -58.7      -43.9 
     -36.4       1.48       -101       -123       91.5        120       79.1 
       -58       41.6       -122      -89.3      -98.7       12.2      -36.4 
     -43.7      -30.8      -63.9      -13.4       24.7      -63.4       11.9 
A, for reference
     -74.5      -32.9      -35.6       92.6      -61.8       -111       85.4 
      98.8       -116      -76.6       49.8      -11.9        110      -20.2 
      56.3       -112       34.7       -127      -92.8      -79.5       -108 
      96.2         73        115       -119      -13.3      -58.7      -43.9 
     -36.4       1.48       -101       -123       91.5        120       79.1 
       -58       41.6       -122      -89.3      -98.7       12.2      -36.4 
     -43.7      -30.8      -63.9      -13.4       24.7      -63.4       11.9 
Test U*U^T = 1
         1  -4.79e-16  -2.91e-16  -6.94e-18  -1.39e-16  -4.02e-16  -1.11e-16 
 -4.79e-16          1          0   6.38e-16  -3.19e-16  -2.67e-16  -5.55e-17 
 -2.91e-16          0          1  -3.33e-16   5.55e-17  -3.75e-16  -5.55e-17 
 -6.94e-18   6.38e-16  -3.33e-16          1          0   2.15e-16   5.55e-17 
 -1.39e-16  -3.19e-16   5.55e-17          0          1  -1.94e-16  -1.39e-16 
 -4.02e-16  -2.67e-16  -3.75e-16   2.15e-16  -1.94e-16          1  -1.39e-16 
 -1.11e-16  -5.55e-17  -5.55e-17   5.55e-17  -1.39e-16  -1.39e-16          1 
Test V*V^T = 1
         1  -8.33e-17  -1.67e-16  -1.32e-16   -2.5e-16  -4.44e-16  -5.55e-17 
 -8.33e-17          1   8.33e-17  -2.15e-16   -1.8e-16  -1.25e-16   2.64e-16 
 -1.67e-16   8.33e-17          1   2.78e-16   1.39e-16          0   1.25e-16 
 -1.32e-16  -2.15e-16   2.78e-16          1  -2.98e-16  -2.71e-16  -2.29e-16 
  -2.5e-16   -1.8e-16   1.39e-16  -2.98e-16          1  -1.94e-16   2.22e-16 
 -4.44e-16  -1.25e-16          0  -2.71e-16  -1.94e-16          1  -2.22e-16 
 -5.55e-17   2.64e-16   1.25e-16  -2.29e-16   2.22e-16  -2.22e-16          1 
