Exam problem 21: 
Two-sided Jacobi algorithm for Singular Value Decomposition (SVD) 

Generating Random 7x7 matrix
Matrix A generated:
      74.5      -41.9      -47.6       29.3      -89.9       -115        120 
     -82.1       61.6      -8.51       94.1        124       -120      -78.3 
       118       24.5         35       23.6       81.6       19.2       81.2 
     -20.9       23.9        -74       6.23      -69.3      -91.6       -124 
     -69.4         25       16.8        107        105       -101       40.9 
     -30.5      -58.2       65.4      -18.1       32.6        -19       99.5 
       118       56.8       -122       28.8       42.3      -49.9      -92.4 
Making composition...
Procedure done!
No. of sweeps: 4.
Now A --> U*D*V^T, where
D: 
       318  -8.02e-10   2.57e-12   2.96e-16  -3.39e-17  -5.62e-18   9.79e-12 
 -2.85e-11        272   6.65e-14  -2.45e-18  -1.64e-20  -2.08e-22   1.55e-14 
   3.2e-13    1.4e-15        233  -2.36e-18   -6.1e-23  -9.84e-31  -1.37e-14 
  3.53e-17   -1.6e-17  -1.43e-18        200  -7.36e-24   5.82e-26  -1.19e-14 
 -1.06e-18   2.07e-21   1.86e-23   1.81e-26       48.4   2.02e-28   2.84e-15 
 -1.79e-19  -2.12e-22   1.65e-24  -5.82e-26   1.74e-31       36.2  -2.09e-15 
  9.46e-12   1.55e-14  -1.37e-14  -1.19e-14   2.84e-15  -2.09e-15       2.01 
U: 
     0.127     -0.017     -0.792     -0.513     -0.116   -0.00353     -0.283 
    -0.674      0.349     0.0813    -0.0163      0.157     -0.223     -0.585 
     0.134      0.247     -0.412       0.59    -0.0246     -0.617      0.148 
    -0.394     -0.421     0.0052     -0.385      0.182     -0.522      0.463 
    -0.368      0.574     -0.139     -0.123     -0.348      0.272      0.553 
     0.227      0.404    -0.0452     -0.175      0.846      0.082      0.174 
    -0.412     -0.384     -0.418      0.442      0.301      0.465     0.0784 
V: 
     0.185     -0.329     -0.657      0.535       0.12     -0.283      0.212 
    -0.311     -0.047     0.0156      0.289     -0.466     -0.352      -0.69 
     0.291      0.444      0.292     0.0313     0.0523     -0.764      0.213 
    -0.359      0.288      -0.22     -0.011     -0.658     0.0541       0.55 
    -0.333      0.558     0.0583      0.594       0.39      0.261     -0.034 
     0.497     -0.158      0.468      0.506     -0.384      0.303      0.115 
     0.546      0.522      -0.46     -0.139      -0.18      0.222     -0.342 
Test that UDV^T = A
      74.5      -41.9      -47.6       29.3      -89.9       -115        120 
     -82.1       61.6      -8.51       94.1        124       -120      -78.3 
       118       24.5         35       23.6       81.6       19.2       81.2 
     -20.9       23.9        -74       6.23      -69.3      -91.6       -124 
     -69.4         25       16.8        107        105       -101       40.9 
     -30.5      -58.2       65.4      -18.1       32.6        -19       99.5 
       118       56.8       -122       28.8       42.3      -49.9      -92.4 
A, for reference
      74.5      -41.9      -47.6       29.3      -89.9       -115        120 
     -82.1       61.6      -8.51       94.1        124       -120      -78.3 
       118       24.5         35       23.6       81.6       19.2       81.2 
     -20.9       23.9        -74       6.23      -69.3      -91.6       -124 
     -69.4         25       16.8        107        105       -101       40.9 
     -30.5      -58.2       65.4      -18.1       32.6        -19       99.5 
       118       56.8       -122       28.8       42.3      -49.9      -92.4 
Test U*U^T = 1
         1  -2.78e-17   1.39e-17   5.55e-17   8.33e-17  -9.71e-17  -2.88e-16 
 -2.78e-17          1   9.71e-17   7.22e-16   1.67e-16  -4.16e-16  -1.87e-16 
  1.39e-17   9.71e-17          1   5.83e-16   4.16e-16  -1.73e-17  -6.25e-16 
  5.55e-17   7.22e-16   5.83e-16          1  -4.44e-16  -4.16e-17   -2.5e-16 
  8.33e-17   1.67e-16   4.16e-16  -4.44e-16          1  -1.11e-16   2.22e-16 
 -9.71e-17  -4.16e-16  -1.73e-17  -4.16e-17  -1.11e-16          1   1.49e-16 
 -2.88e-16  -1.87e-16  -6.25e-16   -2.5e-16   2.22e-16   1.49e-16          1 
Test V*V^T = 1
         1   3.05e-16  -2.29e-16  -8.33e-17  -1.08e-16   1.98e-16   1.11e-16 
  3.05e-16          1  -2.22e-16   4.44e-16  -3.54e-16   2.78e-16  -3.89e-16 
 -2.29e-16  -2.22e-16          1  -3.33e-16   4.95e-16  -1.98e-16    2.5e-16 
 -8.33e-17   4.44e-16  -3.33e-16          1  -2.43e-17   8.33e-17   1.94e-16 
 -1.08e-16  -3.54e-16   4.95e-16  -2.43e-17          1  -5.12e-17   -2.6e-16 
  1.98e-16   2.78e-16  -1.98e-16   8.33e-17  -5.12e-17          1   1.39e-16 
  1.11e-16  -3.89e-16    2.5e-16   1.94e-16   -2.6e-16   1.39e-16          1 
