Part 1: QR-GS decomposition
Generating random n*m matrix A...
A:
        18        -20          5          3         -9        -15         17        -12        -14        -32 
       -18        -21         18          5         15         -6        -19         19         19        -26 
        19          9         30        -28        -28        -28        -29         19         22        -25 
       -12         28        -10         14         31         14          1         -7        -30         26 
       -10         26         27         23         -2         20        -25        -32        -17         -7 
        31        -20          6         -7        -25        -24        -19          0         -1        -14 
       -19         29         -2        -21         12        -14         20        -29          6        -31 
        25         19         17         24         15         24         14        -26          6        -16 
        28        -30          4         -4        -25        -25        -10         29          7         22 
         0        -31         26         15         13         -8         -4         16        -22        -21 
        31        -29         -6        -19          0        -21         -6         13          9        -18 
R:
         0          0          0          0          0          0          0          0          0          0 
         0          0          0          0          0          0          0          0          0          0 
         0          0          0          0          0          0          0          0          0          0 
         0          0          0          0          0          0          0          0          0          0 
         0          0          0          0          0          0          0          0          0          0 
         0          0          0          0          0          0          0          0          0          0 
         0          0          0          0          0          0          0          0          0          0 
         0          0          0          0          0          0          0          0          0          0 
         0          0          0          0          0          0          0          0          0          0 
         0          0          0          0          0          0          0          0          0          0 
Make decomposition
Q: 
     0.256     -0.136     0.0421      0.115    -0.0335     -0.378       0.49     -0.216      -0.13     -0.484 
    -0.256     -0.441      0.383    -0.0382      0.255       0.01     -0.244    -0.0545      0.611     -0.269 
      0.27       0.28       0.49      -0.61    -0.0334     0.0708     -0.122      0.349     -0.161     -0.245 
    -0.171      0.297     -0.152      0.242      0.387     -0.522     -0.478      0.263     -0.177     -0.191 
    -0.142      0.285      0.516      0.242     -0.307    -0.0444     -0.261     -0.466     -0.125      0.282 
     0.441    -0.0307     0.0227    -0.0312     -0.177     -0.349     -0.284     -0.391      0.121     -0.205 
     -0.27      0.254     0.0139     -0.479       0.31     -0.431      0.354     -0.271      0.192      0.328 
     0.356      0.469      0.234       0.44      0.376      0.208      0.268     0.0808      0.356     0.0145 
     0.398     -0.196    -0.0034     0.0332     -0.237     -0.388    -0.0587      0.396      0.319      0.518 
         0     -0.436      0.478      0.184      0.311     -0.145      0.164      0.133     -0.482       0.23 
     0.441     -0.157     -0.194      -0.19      0.517      0.235     -0.283     -0.367     -0.158      0.218 
R: 
      70.3      -40.4       10.8      -12.6      -37.6      -32.6      -10.7       18.8       11.9      -14.4 
         0       71.1      0.624       3.62       5.48       26.8          8      -46.9      -2.88       7.25 
         0          0       54.9       14.1      -4.67      -3.23      -31.4     -0.843       2.41      -42.2 
         0          0          0       53.3       25.7       43.5       11.8      -19.3      -32.9       25.7 
         0          0          0          0       41.4      0.698       16.5       -2.2      -1.35      -26.7 
         0          0          0          0          0       20.8       -4.1       7.71         25          2 
         0          0          0          0          0          0       40.4      -21.1       2.08      -27.8 
         0          0          0          0          0          0          0       35.9        5.5       34.8 
         0          0          0          0          0          0          0          0       31.9      -4.77 
         0          0          0          0          0          0          0          0          0       16.8 
Q^T * Q: 
         1  -5.55e-17   1.39e-17  -4.16e-17          0   2.08e-16   1.39e-17  -1.39e-16  -1.67e-16   3.75e-16 
 -5.55e-17          1   1.39e-17  -1.08e-16   5.55e-17   4.16e-17   5.55e-17   2.29e-16  -2.19e-16  -6.18e-16 
  1.39e-17   1.39e-17          1  -1.11e-16   4.16e-17    2.5e-16    1.8e-16          0  -4.06e-16   7.29e-16 
 -4.16e-17  -1.08e-16  -1.11e-16          1   5.55e-17  -2.78e-17  -3.47e-17   1.11e-16  -1.04e-16  -2.91e-16 
         0   5.55e-17   4.16e-17   5.55e-17          1   1.39e-17          0          0   1.39e-17  -1.25e-16 
  2.08e-16   4.16e-17    2.5e-16  -2.78e-17   1.39e-17          1          0  -1.67e-16  -1.53e-16   1.18e-16 
  1.39e-17   5.55e-17    1.8e-16  -3.47e-17          0          0          1   2.78e-17   4.86e-17  -2.71e-16 
 -1.39e-16   2.29e-16          0   1.11e-16          0  -1.67e-16   2.78e-17          1   9.02e-17   1.47e-15 
 -1.67e-16  -2.19e-16  -4.06e-16  -1.04e-16   1.39e-17  -1.53e-16   4.86e-17   9.02e-17          1   4.86e-17 
  3.75e-16  -6.18e-16   7.29e-16  -2.91e-16  -1.25e-16   1.18e-16  -2.71e-16   1.47e-15   4.86e-17          1 
Q*R = A :
        18        -20          5          3         -9        -15         17        -12        -14        -32 
       -18        -21         18          5         15         -6        -19         19         19        -26 
        19          9         30        -28        -28        -28        -29         19         22        -25 
       -12         28        -10         14         31         14          1         -7        -30         26 
       -10         26         27         23         -2         20        -25        -32        -17         -7 
        31        -20          6         -7        -25        -24        -19          0         -1        -14 
       -19         29         -2        -21         12        -14         20        -29          6        -31 
        25         19         17         24         15         24         14        -26          6        -16 
        28        -30          4         -4        -25        -25        -10         29          7         22 
         0        -31         26         15         13         -8         -4         16        -22        -21 
        31        -29         -6        -19          0        -21         -6         13          9        -18 
Part 2: QR-GS linear eq. solver
Generating new random m*m matrix A...
A:
       -26         25        -17        -11        -22         -7        -31        -29          4 
        28         23         -4         15          0         24         25        -31        -21 
        -9         -4         30         27         -5        -16         25          7        -10 
        28         27         12          8        -13         -8         -4         -7        -25 
        10         -7          2         31         -6         12          6        -18        -24 
         6         11         13          7        -14         -7          1        -14         18 
        -5        -21         -2         31         -4          3        -30        -28        -25 
        24        -13          4        -28        -13        -25         16        -18          8 
         9         -9        -31        -15        -11        -20        -24        -14         28 
Generating random vector b...
vector b:         19        -23         18        -25        -50        -63         11        -64        -36 
Decomposing A into QR
Solving Ax = b ...
x:     -1.79       1.69     -0.486      0.178       5.89         -3      -0.13      -1.14      -1.12 
Test that Ax = b        19        -23         18        -25        -50        -63         11        -64        -36 

Part 3: Inverting Matrices

Re-using random square matrices from Part 2...
Calculating A**-1 = B...
B: 
   -0.0151  -0.000684    -0.0114     0.0129    0.00324    0.00864   0.000226   0.000898    0.00627 
    0.0044     0.0169      0.011    0.00975    -0.0274   -0.00114   0.000406    -0.0126    0.00589 
  -0.00603   -0.00668    -0.0104    0.00176    -0.0171     0.0272     0.0157    0.00901     -0.027 
  -0.00651     0.0069     0.0169    0.00087     0.0013      0.004    0.00239    -0.0178     0.0187 
   -0.0199     0.0492     0.0265   -0.00507     -0.102    -0.0132      0.048    -0.0114     0.0115 
   0.00207     -0.019     -0.037   -0.00844     0.0461     0.0208     -0.017    0.00165    -0.0247 
   0.00452    0.00892     0.0146    -0.0103      0.012    -0.0113    -0.0157    0.00498    0.00417 
  -0.00241    -0.0254   -0.00774      0.011     0.0357    -0.0055    -0.0256   -0.00825    0.00195 
  -0.00755    0.00266   -0.00261   -0.00997   -0.00715     0.0263  -0.000873    -0.0071    0.00714 
Test A*B = I: 
         1  -1.13e-16  -1.09e-16   3.47e-17   7.08e-16  -5.55e-17   -3.4e-16  -1.08e-16   7.98e-17 
 -1.39e-16          1  -2.29e-16  -3.05e-16   5.55e-17  -1.11e-16  -2.12e-16   5.55e-17  -1.67e-16 
 -1.39e-17  -1.08e-16          1  -3.19e-16  -2.22e-16  -5.55e-17  -2.31e-16   5.55e-17  -2.64e-16 
 -5.55e-17  -2.64e-16  -2.91e-16          1   5.27e-16   3.33e-16  -3.16e-16   1.39e-16  -1.39e-16 
  3.89e-16   2.36e-16  -3.19e-16   4.72e-16          1   1.11e-16  -1.21e-16   1.39e-16   4.72e-16 
 -1.67e-16  -6.94e-18  -4.86e-17   3.33e-16   8.33e-17          1  -2.01e-16          0  -1.94e-16 
 -2.22e-16   4.16e-17   1.25e-16  -2.78e-16  -8.33e-17  -2.22e-16          1  -5.55e-17   -2.5e-16 
 -1.67e-16   -5.9e-17   2.81e-16   9.71e-17   8.33e-17          0   4.08e-17          1  -2.43e-16 
         0  -1.25e-16  -4.02e-16  -1.67e-16   5.55e-17  -2.22e-16   -5.2e-17  -1.67e-16          1 
